0000000000000000000000000000000000000000000000000000000000000000000000000000000000000000000000000000
0000000000000000000000000000000000000000000000000000000000000000000000000000000000000000000000000000
0000000000000000000000000000000000000000000000000000000000000000000000000000001000000000000000000000
0000000000000000000000000000000000000000000000000000000000000000000000000000000000000000000000000000
0000000000000000000000000000000000111001111001000000100000100000000000010001100000000010110000000000
0000000000001110010000000001111111000011000110111111011111001111111111101100000000000000000000000000
0000000000000000000000000000000000000100000000000000000000010000000000000000000000000000010000000000
0000000000000000000000000000000000000000000000000000000000000000000000000000000000000000000000000000
0000000001000000000000000000000000000000000000000000000000000000000000000000000000000000010000000000
0000000001000000000000000000000000000000000000000000000000000000000000000000000000000000100000000000
0000000000000000000000000000000000000000000000000000000000000000000000000000000000000000000000000000
0000000001000000000010000000000000000000000000000000000000000000000000000000000000000000100000000000
0000000000000000000000000000000000000000000000000000000000000000000000000000000000000000100000000000
0000000001000000000000000000000000000000000000000000000000000000000000000000000000000000100000000000
0000000000000000000000000000000000000000000000000000000000000000000000000000000000000000000000000000
0000000011000000000000000000000000000000000000000000000000000000000000000000000000000000100000000000
0000000000000000000000000000000000000000000000000000000000000000000000000000000000000000100000000000
0000000001000000000000000000000000000000000000000000000000000000000000000000000000000000100000000000
0000000001000000000000000000000000000000000000000000000000000000000000000000000000000000100000000000
0000000001000000100000100000000000000000000000000000000000000000000000000000000000000000100000000000
0000000000000000000000000000000000000000000000000000000000000000000000000000000000000000100000000000
0000000001000000000000000000000000000000000000000000000000000000000000000000000000000000010000000000
0000000000000000000000000000000000000000000000000000000000000000000000000000000000000000100000000000
0000000001000000000000000000000000000000000000000000000000000000000000000000000000000000010000000000
0000000001000000000000000000000000000000000000000000000000000000000000000000000000000000010000000000
0000000001000000000000000000000000000000000000000000000000000000000000000000000000000000100000000000
0000000000000000000000000000000000000000000000000000000000000000000000000000000000000000010000000000
0000000001000000000000000000000000000000000000000000000000000000000000000000000000000000010000000000
0000000001000000000000000000000000000000000000000000000000000000000000000000000000000000010000000000
0000000000000000000000000000000000000000000000000000000000000000000000000000000000000000010000000000
0000000001100000000000000000000000000000000000000000000000000000000000000000000000000000010000000000
0000000001000000000000000000000000000000000000000000000000000000000000000000000000000000010000000000
0000000001000000000000000000000000000000000000000000000000000000000000000000000000000000010000000000
0000000011000000000000000000000000000000100000000000000000001000000000000000000000000000010000000000
0000000001000000000000000000000000000000000000000000000000000100000000000000000000000000110000000000
0000000010000000000000000000000000000000111000000000000000011000000000000000000000000000010000000000
0000000010000000000000000000000000000000010000000000000000000000000000000000000000000000010000000000
0000000000100000000000000000000000000000000000000000000000000000000000000000000000000000010000000000
0000000000100000000000000000000000000000000000000000000000000000000000000000000000000000010000000000
0000000000100000000000000000000000000000000000000000000000000000000000000000000000000000001000000000
0000000000100000000000000000000000000000000000000000000000000000000000000000000000000000010000000000
0000000000100000000000000000000000000000000000000000000000000000000000000000000000000000001000000000
0000000001100000000000000000000000000000000000000000000000000000000000000000000000000000010000000000
0000000000100000000000000000000000000000000000000000000000000000000000000000000000000000010000000000
0000000000100000000000000000000000000000000000000000000000000000000000000000000000000000010000000000
0000000000100000000000000000000000000000000000000000000000000000000000000000000000000000010000000000
0000000001000000000000000000000000000000000000000000000000000000000000000000000000000000010000000000
0000000001100000000000000000000000000000000000000000000000000000000000000000000000000000010000000000
0000000000010000000000000000000000000000000000000000000000000000000000000000000000000000010000000000
0000000000100000000000000000000000000000000000000000000000000000000000000000000000000000010000000000
0000000000100000000000000000000000000000000000000000000000000000000000000000000000000000010000000000
0000000000110000000000000000000000000000000000000000000000000000000000000000000000000000011000000000
0000000000100000000000000000000000000000000000000000000000000000000000000000000000000000100000000000
0000000000010000000000000000000000000000000000000000000000000000000000000000000000000000110000000000
0000000000100000000000000000000000000000000000000000000000000000000000000000000000000000010000000000
0000000000100000000000000000000000000000000000000000000000000000000000000000000000000000010000000000
0000000000100000000000000000000000000000000000000000000000000000000000000000000000000000010000000000
0000000000100000000000000000000000000000000000000000000000000000000000000000000000000000010000000000
0000000000100000000000000000000000000000000000000000000000000000000000000000000000000000010000000000
0000000000100000000000000000000000000000000000000000000000000000000000000000000000000000100000000000
0000000000100000000000000000000000000000000000000000000000000000000000000000000000000000010000000000
0000000000100000000000000000000000000000000000000000000000000000000000000000000000000000010000000000
0000000000100000000000000000000000000000000000000000000000000000000000000000000000000000100000000000
0000000001000000000000000000000000000000010000000000000000010000000000000000000000000000010000000000
0000000000100000000000000000000000000000010000000000000000111000000000000000000000000000011000000000
0000000000100000000000000000000000000000101000000000000000000000000000000000000000000000100000000000
0000000001010000000000000000000000000000000000000000000000000100000000000000000000000000100000000000
0000000000010000000000000000000000000000000000000000000000000000000000000000000000000000100000000000
0000000000011000000000000000000000000000000000000000000000000000000000000000000000000000100000000000
0000000000001000000000000000000000000000000000000000000000000000000000000000000000000000100000000000
0000000000001000000000000000000000000000000000000000000000000000000000000000000000000000100000000000
0000000000001000000000000000000000000000000000000000000000000000000000000000000000000000100000000000
0000000000010000000000000000000000000000000000000000000000000000000000000000000000000000010000000000
0000000000001000000000000000000000000000000000000000000000000000000000000000000000000000100000000000
0000000000001000000000000000000000000000000000000000000000000000000000000000000000000000000000000000
0000000000001000000000000000000000000000000000000000000000000000000000000000000000000000100000000000
0000000000001000000000000000000000000000000000000000000000000000000000000000000000000000100000000000
0000000000001000000000000000000000000000000000000000000000000000000000000000000000000000010000000000
0000000000001000000000000000000000000000000000000000000000000000000000000000000000000000100000000000
0000000000001000000000000000000000000000000000000000000000000000000000000000000000000000100000000000
0000000000001000000000000000000000000000000000000000000000000000000000000000000000000000100000000000
0000000000001000000000000000000000000000000000000000000000000000000000000000000000000000100000000000
0000000000001000000000000000000000000000000000000000000000000000000000000000000000000000000000000000
0000000000001000000000000000000000000000000000000000000000000000000000000000000000000000010000000000
0000000000000000000000000000000000000000000000000000000000000000000000000000000000000000100000000000
0000000000010000000000000000000000000000000000000000000000000000000000000000000000000000010000000000
0000000000010000000000000000000000000000000000000000000000000000000000000000000000000000000000000000
0000000000000000000000000000000000000000000000000000000000000000000000000000000000000000010000000000
0000000000010000000000000000000000000000000000000000000000000000000000000000000000000000010000000000
0000000000010000000000000000000000000000000000000000000000000000000000000000000000000000000000000000
0000000000010000000000000000000000000000000000000000000000000000000000000000000000000000010000000000
0000000000001000000000000000000000000000000000000000000000000000000000000000000000000000010000000000
0000000000000000000000000000000000000000000000000000000000000000000000000000000000000000010000000000
0000000000001000000000000000000000000000000000000000000000000000000000000000000000000000000000000000
0000000000000000000000000000000000000100110000000000000000011101011001111110000000000110110000000000
0000000000001000000000000000111111111011001001100100000000000010100110000000000000001000000000000000
0000000000001101110100000000000000000000000110011000000000000000000000000000000000000000000000000000
0000000000000000000000000000000000000000000000000000000000000000000000000000000000000000000000000000
0000000000000000000000000000000000000000000000000000000000000000000000000000000000000000000000000000
0000000000000000000000000000000000000000000000000000000000000000000000000000000000000000000000000000