0000000000000000000000000000000000000000000000000000000000000000000000000000000000000000000000000000
0000000000000000000000000000000000000000000000000000000000000000000000000000000000000000000000000000
0000000000000000000000000000000000000000000000000000000000000000000000000000000000000000000000000000
0000000000000000000000000000000000000000000000000000000000000000000000000000000000000000000000000000
0000000000000000000000000000100011001010010000010010000000001000000000000000000000000000000000000000
0000000011011010111111111111011100110101101111101111111111110111111101111010111111111111000000000000
0000000000000000000000000000000000000000000000000000000000000000000010000101000000000000100000000000
0000000010000000000000000000000000000000000000000000000000000000000000000000000000000000100000000000
0000000000000000000000000000000000000000000000000000000000000000000000000000000000000000100000000000
0000000001000000000000000000000000000000000000000000000000000000000000000000000000000000000000000000
0000000001000000000000000000000000000000000000000000000000000000000000000000000000000000100000000000
0000000000000000000000000000000000000000000000000000000000000000000000000000000000000000100000000000
0000000001000000000000000000000000000000000000000000000000000000000000000000000000000000100000000000
0000000010000000000000000000000000000000000000000000000000000000000000000000000000000000100000000000
0000000010000000000000000000000000000000000000000000000000000000000000000000000000000000000000000000
0000000010000000000000000000000000000000000000000000000000000000000000000000000000000000000000000000
0000000000000000000000000000000000000000000000000000000000000000000000000000000000000001100000000000
0000000001000000000000000000000000000000000000000000000000000000000000000000000000000000000000000000
0000000001000000000000000000000000000000000000000000000000000000000000000000000000000000100000000000
0000000010000000000000000000000000000000000000000000000000000000000000000000000000000001000000000000
0000000001000000000000000000000000000000000000000000000000000000000000000000000000000000100000000000
0000000001000000000000000000000000000000000000000000000000000000000000000000000000000000100000000000
0000000001000000000000000000000000000000000000000000000000000000000000000000000000000000100000000000
0000000001000000000000000000000000000000000000000000000000000000000000000000000000000000100000000000
0000000001000000000000000000000000000000000000000000000000000000000000000000000000000001000000000000
0000000001000000000000000000000000000000000000000000000000000000000000000000000000000001000000000000
0000000001000000000000000000000000000000000000000000000000000000000000000000000000000001000000000000
0000000010000000000000000000000000000000000000000000000000000000000000000000000000000000100000000000
0000000010000000000000000000000000000000000000000000000000000000000000000000000000000000100000000000
0000000010000000000000000000000000000000000000000000000000000000000000000000000000000000100000000000
0000000010000000000000000000000000000000000000000000000000000000000000000000000000000000100000000000
0000000010000000000000000000000000000000000000000000000000000000000000000000000000000000100000000000
0000000010000000000000000000000000000000000000000000000000000000000000000000000000000000100000000000
0000000010000000000000000000000000000000000000000000000000001000000000000000000000000000100000000000
0000000010000000000000000000000000000000010000000000000000011000000000000000000000000000100000000000
0000000010000000000000000000000000000000011000000000000000001100000000000000000000000000100000000000
0000000010000000000000000000000000000000000000000000000000000000000000000000000000000000010000000000
0000000010000000000000000000000000000000000000000000000000000000000000000000000000000000010000000000
0000000001000000000000000000000000000000000000000000000000000000000000000000000000000000100000000000
0000000001000000000000000000000000000000000000000000000000000000000000000000000000000000010000000000
0000000010000000000000000000000000000000000000000000000000000000000000000000000000000000100000000000
0000000001000000000000000000000000000000000000000000000000000000000000000000000000000000100000000000
0000000010000000000000000000000000000000000000000000000000000000000000000000000000000000100000000000
0000000001000000000000000000000000000000000000000000000000000000000000000000000000000000100000000000
0000000011000000000000000000000000000000000000000000000000000000000000000000000000000001000000000000
0000000001000000000000000000000000000000000000000000000000000000000000000000000000000000110000000000
0000000001000000000000000000000000000000000000000000000000000000000000000000000000000000100000000000
0000000001000000000000000000000000000000000000000000000000000000000000000000000000000000110000000000
0000000001000000000000000000000000000000000000000000000000000000000000000000000000000000100000000000
0000000001000000000000000000000000000000000000000000000000000000000000000000000000000000110000000000
0000000001000000000000000000000000000000000000000000000000000000000000000000000000000000100000000000
0000000001000000000000000000000000000000000000000000000000000000000000000000000000000000110000000000
0000000001000000000000000000000000000000000000000000000000000000000000000000000000000000100000000000
0000000001000000000000000000000000000000000000000000000000000000000000000000000000000000110000000000
0000000001000000000000000000000000000000000000000000000000000000000000000000000000000000100000000000
0000000010000000000000000000000000000000000000000000000000000000000000000000000000000000100000000000
0000000001000000000000000000000000000000000000000000000000000000000000000000000000000000100000000000
0000000001000000000000000000000000000000000000000000000000000000000000000000000000000001010000000000
0000000001000000000000000000000000000000000000000000000000000000000000000000000000000000100000000000
0000000000100000000000000000000000000000000000000000000000000000000000000000000000000000100000000000
0000000001000000000000000000000000000000000000000000000000000000000000000000000000000000000000000000
0000000001000000000000000000000000000000000000000000000000000000000000000000000000000000110000000000
0000000001000000000000000000000000000000000000000000000000000000000000000000000000000000100000000000
0000000000100000000000000000000000000000000000000000000000010000000000000000000000000000100000000000
0000000000100000000000000000000000000000010000000000000000011000000000000000000000000000100000000000
0000000001000000000000000000000000000000101000000000000000000000000000000000000000000000100000000000
0000000000100000000000000000000000000000000000000000000000000100000000000000000000000000000000000000
0000000000100000000000000000000000000000000000000000000000000000000000000000000000000000110000000000
0000000001100000000000000000000000000000000000000000000000000000000000000000000000000000100000000000
0000000000100000000000000000000000000000000000000000000000000000000000000000000000000000100000000000
0000000000100000000000000000000000000000000000000000000000000000000000000000000000000000010000000000
0000000000100000000000000000000000000000000000000000000000000000000000000000000000000000100000000000
0000000000100000000000000000000000000000000000000000000000000000000000000000000000000000100000000000
0000000000100000000000000000000000000000000000000000000000000000000000000000000000000000100000000000
0000000000100000000000000000000000000000000000000000000000000000000000000000000000000000100000000000
0000000000100000000000000000000000000000000000000000000000000000000000000000000000000000100000000000
0000000000100000000000000000000000000000000000000000000000000000000000000000000000000000010000000000
0000000000100000000000000000000000000000000000000000000000000000000000000000000000000000010000000000
0000000000100000000000000000000000000000000000000000000000000000000000000000000000000000010000000000
0000000000100000000000000000000000000000000000000000000000000000000000000000000000000000100000000000
0000000000100000000000000000000000000000000000000000000000000000000000000000000000000000100000000000
0000000000100000000000000000000000000000000000000000000000000000000000000000000000000000010000000000
0000000000100000000000000000000000000000000000000000000000000000000000000000000000000000100000000000
0000000000100000000000000000000000000000000000000000000000000000000000000000000000000000000000000000
0000000000100000000000000000000000000000000000000000000000000000000000000000000000000000010000000000
0000000000100000000000000000000000000000000000000000000000000000000000000000000000000000000000000000
0000000000100000000000000000000000000000000000000000000000000000000000000000000000000000010000000000
0000000000010000000000000000000000000000000000000000000000000000000000000000000000000000010000000000
0000000000000000000000000000000000000000000000000000000000000000000000000000000000000000010000000000
0000000000100000000000000000000000000000000000000000000000000000000000000000000000000000010000000000
0000000000100000000000000000000000000000000000000000000000000000000000000000000000000000000000000000
0000000000010000000000000000000000000000000000000000000000000000000000000000000000000000010000000000
0000000000000000000000000000000000000000000000000000000000000000000000000000000000000000010000000000
0000000000010000000000000000000000000000000000000000000000000000000000000000000000000000000000000000
0000000000010000000000000000110110111010001000100000000000000000000000000000000000000000000000000000
0000000000001110111111111111001001001011101111111111001011011000100111110110011111111111101000000000
0000000000000000000000000000000000000000000000000000111100110111011010000100100000000000000000000000
0000000000000000000000000000000000000000000000000000000000000000000000000000000000000000000000000000
0000000000000000000000000000000000000000000000000000000000000000000000000000000000000000000000000000
0000000000000000000000000000000000000000000000000000000000000000000000000000000000000000000000000000
